Venetta Vanhorne;839.8800048828125,175.52000427246094;1983,8,23,22,20;
Rozanne Reighard;252.22265625,746.4725341796875;2013,8,28,19,13;
Mathew Marotz;116.37260437011719,23.78189468383789;1933,0,0,9,0;
Shelley Sikes;974.65673828125,990.4541625976562;1990,4,5,14,5;
Phoebe Paredes;89.15068817138672,499.5061340332031;1936,6,18,21,37;
Micah Marr;335.25946044921875,413.3592224121094;1954,7,11,19,13;
Maxima Matinez;754.1677856445312,768.21484375;1987,8,5,1,45;
Marry Mccord;26.757976531982422,811.8232421875;1982,7,31,10,20;
Anjanette Arriola;34.26252365112305,441.23193359375;1945,5,5,3,55;
Tiffaney Tingler;870.9898681640625,271.1215515136719;1953,5,14,14,30;
Daren Desrochers;577.2593383789062,893.1305541992188;1963,7,12,17,46;
Tameka Trundy;795.2086181640625,520.679443359375;1962,0,0,19,29;
Classie Chartier;875.789794921875,561.1864013671875;1927,3,4,22,23;
Demetra Disandro;993.87744140625,674.934326171875;1947,7,14,22,10;
Zada Zachery;277.9085998535156,90.59588623046875;1997,4,1,11,45;
Shanta Surprenant;281.64813232421875,550.7930908203125;1965,7,9,0,33;
Celestine Calzada;820.4928588867188,232.4033203125;1974,0,0,5,29;
Marth Milsap;924.372314453125,993.2526245117188;1972,3,20,1,24;
Cherie Curtin;785.9490356445312,133.51242065429688;2016,12,17,3,23;
Collene Ciesla;563.1853637695312,987.8740234375;1972,1,8,14,12;
Farrah Fryer;78.47071838378906,598.4940185546875;1973,1,1,20,11;
Gino Grieco;702.6555786132812,925.6139526367188;1930,8,27,16,0;
Lily Lux;452.83380126953125,416.2059020996094;1981,8,22,18,44;
Teofila Tolentino;547.2958984375,557.259765625;1962,1,30,9,13;
Minnie Mccalla;200.41748046875,272.91845703125;1990,5,10,12,52;
Cristy Clara;196.30921936035156,300.32537841796875;1940,3,1,15,6;
Pete Palmateer;918.91796875,406.7167663574219;1936,3,3,16,23;
Zula Zendejas;467.91644287109375,118.6245346069336;1992,9,13,16,51;
Melia Mitcham;486.08038330078125,636.4349975585938;1991,8,30,20,31;
Joe Jenson;912.8861083984375,899.414794921875;1930,2,16,5,9;
Kareem Kump;430.5963134765625,560.505615234375;1927,2,14,13,50;
Ward Widman;23.340124130249023,281.20697021484375;1961,5,0,22,0;
Keena Kullman;461.0369873046875,547.7405395507812;2010,11,5,10,35;
Elisha Espana;168.2098846435547,773.1323852539062;2006,4,27,5,39;
Kelli Kizer;181.84750366210938,368.5506591796875;2001,3,8,12,49;
Denita Duggins;957.0210571289062,588.88916015625;1933,11,29,3,43;
Nickie Nordman;542.4159545898438,432.34246826171875;1948,7,22,8,10;
Tarah Tellis;437.7436828613281,400.989990234375;1954,0,0,2,29;
Keila Kaelin;821.02001953125,370.3210144042969;2007,4,24,13,11;
Deane Dupont;125.97342681884766,864.7982788085938;1921,7,22,18,45;
Lennie Lesniak;894.5912475585938,995.1625366210938;1934,9,25,12,9;
Walton Wenthold;693.9097290039062,881.0223999023438;1995,0,0,0,45;
Jetta Janecek;89.32416534423828,256.3916931152344;1934,6,20,20,42;
Tammara Torbert;950.8062744140625,832.953125;1988,3,8,14,37;
Shayna Steffenson;278.2220764160156,42.36763381958008;1930,3,13,8,14;
Jesusita Jenkins;102.32987213134766,611.9623413085938;1949,4,5,23,20;
Brigida Beers;34.05965042114258,234.6984100341797;2004,0,0,3,46;
Gina Geissler;437.38177490234375,835.974609375;1960,9,4,5,48;
Augustina Almonte;100.95103454589844,67.17662048339844;1928,12,12,2,54;
Caitlyn Cerrato;213.22052001953125,30.78974151611328;2005,8,21,10,10;
Ossie Oswalt;899.3406372070312,22.388404846191406;1974,4,26,8,35;
Dotty Dowell;371.573486328125,82.2774887084961;1972,10,12,14,49;
Penelope Paez;331.9053039550781,713.2587890625;1993,12,29,16,58;
Luigi Lenox;292.3735046386719,315.2079162597656;1964,1,14,13,35;
Scotty Sama;562.8324584960938,551.3344116210938;1998,10,4,11,47;
Olinda Ormand;562.6974487304688,325.8450622558594;2008,2,0,22,22;
Gwenn Granville;906.7779541015625,978.793212890625;2013,12,2,3,1;
Mika Mcavoy;444.1687316894531,319.7230529785156;2010,7,17,5,24;
Hollis Heckathorn;822.2579345703125,404.6728515625;2016,7,10,16,53;
Susie Serra;223.09268188476562,602.1681518554688;1961,9,6,13,13;
Woodrow Wilhoite;453.2438049316406,955.9038696289062;1925,9,3,22,53;
Merissa Mojica;894.9039306640625,725.9632568359375;1998,12,13,16,24;
Moira Meinhardt;394.27490234375,314.8710632324219;1974,6,6,13,14;
Hosea Hopple;374.35467529296875,713.8317260742188;2004,9,24,15,33;
Cristi Crandell;850.9468383789062,46.2444953918457;2003,8,8,11,46;
Malcolm Mey;139.52426147460938,621.6285400390625;1932,6,27,6,42;
Deeanna Durso;765.4889526367188,697.1138916015625;1986,5,17,16,47;
Catina Caine;46.3253059387207,630.322998046875;1939,2,24,14,33;
Cecille Counter;315.07342529296875,376.8392639160156;2002,1,29,19,25;
Bernardine Board;472.8458557128906,725.0759887695312;1980,11,10,6,21;
Helena Hunte;16.20587158203125,127.13572692871094;1988,8,23,8,43;
Mistie Montas;542.6820068359375,93.78844451904297;1927,11,20,13,10;
Dinorah Deyo;382.01318359375,624.3547973632812;1964,2,10,23,14;
Ayako Araujo;794.978515625,819.2125244140625;1994,5,0,2,11;
Marvel Michna;48.01686477661133,127.55370330810547;1995,11,3,6,8;
Maryjane Mestayer;74.54576110839844,213.6992645263672;1994,3,9,23,13;
Zada Zarrella;669.8468017578125,594.9033813476562;2008,6,1,7,36;
Isabella Ines;20.368722915649414,802.4107666015625;1958,1,29,15,1;
Stacee Sipple;803.052490234375,344.44415283203125;2005,11,3,7,28;
Ramonita Reveles;76.76077270507812,99.81934356689453;1994,7,11,5,42;
Libbie Leleux;391.0461120605469,794.9655151367188;1932,2,23,5,25;
Rosann Riviera;154.339599609375,87.02911376953125;1949,0,0,11,11;
Queenie Quashie;722.96142578125,685.1343994140625;2010,9,8,1,32;
Delmer Dingess;814.333251953125,988.7760009765625;1974,12,22,21,36;
Katrina Kilmon;881.124267578125,352.4408264160156;2008,2,16,14,34;
Harold Hopes;306.9554138183594,937.371826171875;1993,8,9,3,4;
Bryan Buban;907.222900390625,773.3737182617188;2004,6,22,15,20;
Lashay Leday;831.0252685546875,432.2823181152344;1991,1,23,23,50;
Clarine Cranston;461.93878173828125,131.1508331298828;2006,4,11,23,22;
Rosia Rohman;971.3702392578125,126.26789093017578;1964,5,24,12,42;
Nathaniel Nyland;881.7596435546875,949.2352294921875;1969,11,9,17,59;
Lillian Levenson;88.47451782226562,955.1678466796875;2010,5,29,3,36;
Hubert Herzog;634.470947265625,743.9392700195312;2015,5,25,15,56;
Annemarie Avendano;635.5381469726562,968.6951293945312;1966,4,1,14,29;
Jacquline Jowett;159.08587646484375,303.9537658691406;1942,1,22,4,27;
Vaughn Vanasse;570.7735595703125,882.469970703125;1929,3,24,14,47;
Florence Fulk;261.3451232910156,566.064453125;1961,1,28,14,55;
Darci Dowless;758.4005126953125,155.97811889648438;1939,2,16,16,42;
Eloise Edge;580.1279296875,965.7056884765625;1972,8,2,19,26;
Alyce Averett;792.6395263671875,453.6812438964844;1987,7,9,19,53;
Laurette Lamont;187.89845275878906,329.7073059082031;1949,0,0,9,22;
Shalonda Stam;813.6824340820312,737.1107788085938;1968,9,14,22,15;
Angele Ackerman;885.7442016601562,128.00894165039062;1974,4,12,16,27;
Pearline Paula;233.70547485351562,768.7177124023438;2016,10,20,13,34;
Pauline Prestridge;811.6817016601562,630.6068725585938;2000,3,28,16,24;
Russell Rathman;178.60726928710938,274.89569091796875;1995,5,18,7,30;
Flor Folks;823.8241577148438,490.4925842285156;1992,12,7,3,39;
Kelley Knack;739.7618408203125,877.2854614257812;2011,1,28,18,17;
Chanel Carmean;858.9019165039062,778.1790161132812;1957,6,25,23,45;
Tawna Tabon;266.6824951171875,422.1710205078125;1944,8,9,19,51;
Hunter Houze;997.2647094726562,730.4293212890625;1932,7,11,5,40;
Jocelyn Jun;474.79833984375,467.19757080078125;1950,6,17,3,21;
Rayna Rasheed;993.1727905273438,90.70668029785156;1990,7,10,20,13;
Kenny Karsten;321.8584289550781,523.85888671875;1989,2,17,1,46;
Cammy Campo;381.3302307128906,976.4249877929688;2009,0,0,9,12;
Darin Dahn;994.37548828125,117.10431671142578;1970,4,22,16,11;
Bonita Brinkerhoff;563.3099975585938,587.6565551757812;1920,2,0,18,45;
Omar Ormsby;507.5645751953125,38.48313522338867;2014,8,3,13,6;
Gary Grote;158.75596618652344,662.431640625;1929,2,9,16,4;
Shaunte Sisneros;438.2760009765625,147.41357421875;2018,4,14,16,17;
Leigh Lombardi;504.70489501953125,312.8584289550781;1954,8,21,3,12;
Silvana Schug;343.278564453125,600.8707275390625;1994,8,10,8,27;
Hollie Haider;50.92730712890625,515.8333129882812;1941,1,4,23,29;
Kirsten Kimbrell;33.73187255859375,375.4169006347656;1994,7,5,13,22;
Hee Haberle;120.57647705078125,376.7794189453125;1934,4,25,3,35;
Linsey Lanoue;621.3771362304688,6.784688949584961;2012,7,4,9,16;
Jamel Jaques;367.6583251953125,208.4147491455078;1977,2,8,14,28;
Louanne Lesesne;963.123291015625,905.421875;1973,3,18,6,14;
Norma Nyquist;678.297607421875,515.6633911132812;1977,12,4,6,2;
Bertie Beahm;839.200439453125,709.1840209960938;1941,12,9,18,58;
Ashly Armendariz;401.2367858886719,569.8436889648438;1988,7,20,14,29;
Shawnda Swope;913.3380737304688,763.7889404296875;1963,11,0,13,0;
Melida Mascia;720.8089599609375,202.73504638671875;1990,9,1,16,48;
Florencia Frisby;19.780094146728516,71.74081420898438;2002,7,4,13,45;
Patrick Packard;787.8411865234375,441.8001403808594;1924,4,7,0,16;
Jillian Jacoby;97.54203033447266,227.0580596923828;1930,6,21,16,22;
Patrice Pearce;988.2848510742188,425.4699401855469;1999,0,0,4,54;
Wei Wightman;886.9242553710938,453.35748291015625;1982,8,12,20,26;
Suellen Strozier;927.1522827148438,714.6034545898438;1923,5,30,6,12;
Earline Estep;361.63116455078125,46.83893966674805;1976,2,19,21,53;
Roberto Rappold;410.7417907714844,367.2022705078125;1968,2,4,3,20;
Celeste Crudup;476.8279724121094,601.040771484375;1922,6,8,15,56;
Shizue Shupp;255.57571411132812,830.2892456054688;1974,1,9,9,10;
Lyle Lasalle;872.9413452148438,108.95947265625;1925,6,16,5,27;
Manuela Maillet;823.8407592773438,745.811279296875;1928,11,0,11,31;
Deidra Darley;882.7147216796875,39.050594329833984;2007,8,22,7,13;
Rudolph Rosin;17.189048767089844,815.355712890625;1992,5,6,21,3;
Amado Ayala;381.82080078125,990.7754516601562;2013,4,19,19,35;
Milo Muhammad;699.0263671875,202.2459259033203;1976,11,29,9,44;
Jeanine Jantzen;367.9738464355469,469.31524658203125;1957,3,22,9,52;
